4.250000000000000000e+02 -1.255583703544630936e+01
4.500000000000000000e+02 -1.114706314849992985e+01
4.750000000000000000e+02 -1.007893035050463304e+01
5.000000000000000000e+02 -8.901816090858588382e+00
5.250000000000000000e+02 -8.107652510331258000e+00
5.500000000000000000e+02 -7.079964077632581620e+00
5.750000000000000000e+02 -6.171135356732242450e+00
6.000000000000000000e+02 -5.320769124141333961e+00
6.250000000000000000e+02 -4.780403448014197920e+00
6.500000000000000000e+02 -4.144473979224007287e+00
6.750000000000000000e+02 -3.623109118058821743e+00
7.000000000000000000e+02 -3.136449704533823102e+00
7.250000000000000000e+02 -2.550659086488298755e+00
7.500000000000000000e+02 -2.168779176474437520e+00
7.750000000000000000e+02 -1.723145919220816724e+00
8.000000000000000000e+02 -1.383912946088379670e+00
8.250000000000000000e+02 -1.284275663045740812e+00
8.500000000000000000e+02 -7.852199998328514008e-01
8.750000000000000000e+02 -6.049586526282749732e-01
9.000000000000000000e+02 -5.479914944107676655e-01
9.250000000000000000e+02 -3.744827293013877623e-01
9.500000000000000000e+02 -6.075253163501279779e-02
9.750000000000000000e+02 -2.283793725860967100e-02
1.000000000000000000e+03 1.090480416199910915e-02
1.025000000000000000e+03 2.083447122563263643e-01
1.050000000000000000e+03 3.393835842718083140e-01
1.075000000000000000e+03 5.964463136076684213e-01
1.100000000000000000e+03 3.691299090791634319e-01
1.125000000000000000e+03 6.091619949810438417e-01
1.150000000000000000e+03 6.542652073776318300e-01
1.175000000000000000e+03 5.880124783489336648e-01
1.200000000000000000e+03 4.970245543320807591e-01
1.225000000000000000e+03 1.070155109914959768e+00
1.250000000000000000e+03 7.578922627451351035e-01
1.275000000000000000e+03 8.657275679446815309e-01
1.300000000000000000e+03 7.385349948318568059e-01
1.325000000000000000e+03 6.570352097662260915e-01
1.350000000000000000e+03 1.113504172659926850e+00
1.375000000000000000e+03 8.040379181829853117e-01
1.400000000000000000e+03 8.198827322492865388e-01
1.425000000000000000e+03 9.944416204738388831e-01
1.450000000000000000e+03 9.264489643048955392e-01
1.475000000000000000e+03 8.583361962973736770e-01
1.500000000000000000e+03 1.159758419961239850e+00
1.525000000000000000e+03 7.888511765977905821e-01
1.550000000000000000e+03 7.856041053538626029e-01
1.575000000000000000e+03 1.020729119958935449e+00
1.600000000000000000e+03 6.429848150116190819e-01
1.625000000000000000e+03 5.804187510522434978e-01
1.650000000000000000e+03 8.476392486634960477e-01
1.675000000000000000e+03 9.043754338944220983e-01
1.700000000000000000e+03 8.725742026483364056e-01
1.725000000000000000e+03 5.217970592631516746e-01
1.750000000000000000e+03 5.748818249879543707e-01
1.775000000000000000e+03 8.436653833863385632e-01
1.800000000000000000e+03 6.551056233518784966e-01
1.825000000000000000e+03 5.152407771872976605e-01
1.850000000000000000e+03 9.491741414039468472e-01
1.875000000000000000e+03 4.961448383485341784e-01
1.900000000000000000e+03 6.263229349788912437e-01
1.925000000000000000e+03 9.387998875836262025e-02
1.950000000000000000e+03 8.566367412974078555e-01
1.975000000000000000e+03 1.168676473749897110e-01
2.000000000000000000e+03 1.437369973985672400e-01
2.025000000000000000e+03 6.540356512550762336e-01
2.050000000000000000e+03 5.420538149704260400e-01
2.075000000000000000e+03 7.353059996350097549e-01
2.100000000000000000e+03 3.829973679656125118e-01
2.125000000000000000e+03 6.018237181748157250e-01
2.150000000000000000e+03 3.906653221307171409e-01
2.175000000000000000e+03 4.684552454338756777e-01
2.200000000000000000e+03 2.215996307322479486e-01
2.225000000000000000e+03 3.203170378564965670e-01
2.250000000000000000e+03 2.391911356126238120e-01
2.275000000000000000e+03 5.934183229833914774e-01
2.300000000000000000e+03 8.741845445585163521e-01
2.325000000000000000e+03 2.714039417554344746e-01
2.350000000000000000e+03 3.328599002475690627e-01
2.375000000000000000e+03 3.182980970008865151e-01
2.400000000000000000e+03 5.698984359300716118e-01
2.425000000000000000e+03 2.937965070163660042e-01
2.450000000000000000e+03 1.112381750409551645e-01
2.475000000000000000e+03 3.639885670047598998e-01
2.500000000000000000e+03 1.871793612061325718e-01
2.525000000000000000e+03 6.412651194493297346e-01
2.550000000000000000e+03 5.111675640643132956e-01
2.575000000000000000e+03 2.447155823143700171e-01
2.600000000000000000e+03 1.768383033201098575e-01
2.625000000000000000e+03 2.527593704351565607e-01
2.650000000000000000e+03 2.638561708141972662e-01
2.675000000000000000e+03 5.800276931656419555e-01
2.700000000000000000e+03 1.316941446836445706e-01
2.725000000000000000e+03 3.096011531067479061e-01
2.750000000000000000e+03 3.251375587169604842e-01
2.775000000000000000e+03 9.686676645982386646e-02
2.800000000000000000e+03 3.143331469375393317e-01
2.825000000000000000e+03 5.587522033114618036e-01
2.850000000000000000e+03 6.749464361641351884e-01
2.875000000000000000e+03 1.467125237434415697e-01
2.900000000000000000e+03 3.782670505660793436e-01
2.925000000000000000e+03 2.945339092520918300e-01
2.950000000000000000e+03 1.661266638971378995e-01
2.975000000000000000e+03 9.211481353734916888e-02
3.000000000000000000e+03 2.318373591469657657e-01
3.025000000000000000e+03 8.296305319527164102e-01
3.050000000000000000e+03 5.557991201489584365e-02
3.075000000000000000e+03 -3.382119301247883403e-01
3.100000000000000000e+03 -1.258248104666271350e-01
3.125000000000000000e+03 3.304503796735426269e-01
3.150000000000000000e+03 -7.963426627505283684e-02
3.175000000000000000e+03 2.936762831736319246e-01
3.200000000000000000e+03 1.439673332131316541e-01
3.225000000000000000e+03 3.394644281026412136e-01
3.250000000000000000e+03 1.571541545721751587e-01
3.275000000000000000e+03 9.258598526023978370e-02
3.300000000000000000e+03 4.221344212422499798e-01
3.325000000000000000e+03 6.266276500977491226e-01
3.350000000000000000e+03 1.528110173807949446e-01
3.375000000000000000e+03 2.836661879462342717e-01
3.400000000000000000e+03 3.260915103400575509e-03
3.425000000000000000e+03 3.192966121859206474e-01
3.450000000000000000e+03 2.690748000094870807e-01
3.475000000000000000e+03 6.876140238823869044e-02
3.500000000000000000e+03 2.413716045173324998e-01
3.525000000000000000e+03 3.643964531995522727e-01
3.550000000000000000e+03 1.198301783112613733e-01
3.575000000000000000e+03 1.997602769099842968e-01
3.600000000000000000e+03 3.512115487082830279e-01
3.625000000000000000e+03 1.763681980871385224e-01
3.650000000000000000e+03 2.695218800017011307e-01
3.675000000000000000e+03 4.308528356606913801e-01
3.700000000000000000e+03 -5.613926398819981539e-02
3.725000000000000000e+03 1.009349316817063497e-01
3.750000000000000000e+03 4.283226142605517373e-01
3.775000000000000000e+03 1.168980198044355240e-01
3.800000000000000000e+03 6.614624944300138976e-02
3.825000000000000000e+03 4.833474382490133836e-01
3.850000000000000000e+03 2.860016884440082507e-01
3.875000000000000000e+03 2.127989859563902686e-01
3.900000000000000000e+03 1.147685756030328123e-02
3.925000000000000000e+03 2.106630821129802378e-01
3.950000000000000000e+03 2.478982602793072809e-02
3.975000000000000000e+03 1.353708049854001338e-01
4.000000000000000000e+03 -1.173474362245190278e-01
4.025000000000000000e+03 -1.004468807332342895e+00
4.050000000000000000e+03 9.764945706618684274e-02
4.075000000000000000e+03 -1.361874747987187328e-01
4.100000000000000000e+03 2.578830755162007660e-01
4.125000000000000000e+03 2.050286505826457994e-01
4.150000000000000000e+03 4.388995977599969289e-01
4.175000000000000000e+03 8.636545476002908950e-02
4.200000000000000000e+03 2.070747132760932530e-01
4.225000000000000000e+03 1.376265029524274541e-01
4.250000000000000000e+03 -2.725567582041718215e-02
4.275000000000000000e+03 -1.644920596950932498e-02
4.300000000000000000e+03 1.277622152757908136e+00
4.325000000000000000e+03 1.827470621867486600e-01
4.350000000000000000e+03 2.144583089678895327e-01
4.375000000000000000e+03 2.232122928291172259e-01
4.400000000000000000e+03 4.370519748100867852e-02
4.425000000000000000e+03 8.827521908754683289e-02
4.450000000000000000e+03 9.057830814002217068e-02
4.475000000000000000e+03 7.440327841138082154e-02
4.500000000000000000e+03 7.756984191583403410e-02
4.525000000000000000e+03 -8.285992942242459414e-01
4.550000000000000000e+03 -6.734971034115758148e-02
4.575000000000000000e+03 8.892228351375920659e-02
4.600000000000000000e+03 4.994872295465625500e-01
4.625000000000000000e+03 2.648253867528953948e-02
4.650000000000000000e+03 2.948068672755979266e-02
4.675000000000000000e+03 1.750578244527180916e+00
4.700000000000000000e+03 -6.565165300579632601e-02
4.725000000000000000e+03 1.516952329468958596e-02
4.750000000000000000e+03 1.351825142844339522e+00
4.775000000000000000e+03 1.464839900533358164e-01
4.800000000000000000e+03 -2.063682394207648485e-01
4.825000000000000000e+03 -1.041670078204737782e-01
4.850000000000000000e+03 5.514670014381408553e-02
4.875000000000000000e+03 6.377530341245690737e-02
4.900000000000000000e+03 -1.290761212939801394e+00
4.925000000000000000e+03 4.058419574390758483e-02
4.950000000000000000e+03 -4.464303765978131638e-02
4.975000000000000000e+03 9.469679630163943540e-02
5.000000000000000000e+03 2.083331274986267023e-01
5.025000000000000000e+03 4.734831325935594942e-02
5.050000000000000000e+03 1.369862791610090724e+00
5.075000000000000000e+03 -1.192092895507812500e-07
5.100000000000000000e+03 2.130680526747847914e-01
5.125000000000000000e+03 -2.741229063586184678e-01
5.150000000000000000e+03 -1.321423728511018478e-07
5.175000000000000000e+03 2.640843508948742535e-01
5.200000000000000000e+03 -1.446760788008018828e-01
5.225000000000000000e+03 2.869897107688748061e-01
5.250000000000000000e+03 1.674105780465262316e-01
5.275000000000000000e+03 5.681807778098366818e-02
5.300000000000000000e+03 3.906248807907104770e-02
5.325000000000000000e+03 3.633717187615328331e-02
5.350000000000000000e+03 2.948111576854058058e-02
5.375000000000000000e+03 -2.754934237191551727e+00
5.400000000000000000e+03 1.953124761581420954e-01
5.425000000000000000e+03 -1.849799320615571178e-08
5.450000000000000000e+03 4.340276453230115794e-02
5.475000000000000000e+03 3.004807371359605184e-01
5.500000000000000000e+03 -5.040323349737351605e-02
5.525000000000000000e+03 0.000000000000000000e+00
5.550000000000000000e+03 -8.680556217829386856e-02
5.575000000000000000e+03 -1.233552710006111525e-01
5.600000000000000000e+03 -5.418604070490056969e-09
5.625000000000000000e+03 -1.201923229755499367e-01
5.650000000000000000e+03 1.802884523685161777e-01
5.675000000000000000e+03 2.520161290322580627e-01
5.700000000000000000e+03 3.348214285714285476e-01
5.725000000000000000e+03 4.076086862579635928e-01
5.750000000000000000e+03 -1.097980298494037768e-08
5.775000000000000000e+03 -7.812501192092895230e-02
5.800000000000000000e+03 1.488095238095238082e-01
5.825000000000000000e+03 1.420454514974897609e-01
5.850000000000000000e+03 0.000000000000000000e+00
5.875000000000000000e+03 1.488095209712073930e-01
5.900000000000000000e+03 1.358695652173912971e-01
5.925000000000000000e+03 -1.644736842105263275e-01
5.950000000000000000e+03 3.720238073950722368e-01
5.975000000000000000e+03 0.000000000000000000e+00
6.000000000000000000e+03 0.000000000000000000e+00
6.025000000000000000e+03 3.396739130434782705e-01
6.050000000000000000e+03 8.680555555555555247e-02
6.075000000000000000e+03 8.223684210526316374e-02
6.100000000000000000e+03 0.000000000000000000e+00
6.125000000000000000e+03 1.201923076923076955e-01
6.150000000000000000e+03 0.000000000000000000e+00
6.175000000000000000e+03 7.812500000000000000e-01
6.200000000000000000e+03 -7.812500000000000000e-02
6.225000000000000000e+03 1.420454545454545581e-01
6.250000000000000000e+03 0.000000000000000000e+00
6.275000000000000000e+03 1.116071428571428631e-01
6.300000000000000000e+03 -2.232142857142857262e-01
6.325000000000000000e+03 9.375000000000000000e-01
6.350000000000000000e+03 1.736111111111111049e-01
6.375000000000000000e+03 1.116071428571428631e-01
6.400000000000000000e+03 0.000000000000000000e+00
6.425000000000000000e+03 1.041666666666666713e-01
6.450000000000000000e+03 3.906250000000000000e-01
6.475000000000000000e+03 1.953125000000000000e-01
6.500000000000000000e+03 0.000000000000000000e+00
6.525000000000000000e+03 2.031250000000000000e+00
6.550000000000000000e+03 0.000000000000000000e+00
6.575000000000000000e+03 0.000000000000000000e+00
6.600000000000000000e+03 -1.593750000000000000e+01
6.625000000000000000e+03 0.000000000000000000e+00
6.650000000000000000e+03 0.000000000000000000e+00
6.675000000000000000e+03 0.000000000000000000e+00
6.700000000000000000e+03 1.736111111111111049e-01
6.725000000000000000e+03 -3.125000000000000000e-01
6.750000000000000000e+03 0.000000000000000000e+00
6.775000000000000000e+03 0.000000000000000000e+00
6.800000000000000000e+03 3.125000000000000000e-01
6.825000000000000000e+03 0.000000000000000000e+00
6.850000000000000000e+03 -5.208333333333333703e-01
6.875000000000000000e+03 -2.232142857142857262e-01
6.900000000000000000e+03 0.000000000000000000e+00
6.925000000000000000e+03 1.171875000000000000e+00
6.950000000000000000e+03 0.000000000000000000e+00
6.975000000000000000e+03 3.125000000000000000e-01
7.000000000000000000e+03 3.906250000000000000e-01
7.025000000000000000e+03 0.000000000000000000e+00
7.050000000000000000e+03 -2.840909090909091161e-01
7.075000000000000000e+03 0.000000000000000000e+00
7.100000000000000000e+03 -5.208333333333333703e-01
7.125000000000000000e+03 0.000000000000000000e+00
7.150000000000000000e+03 0.000000000000000000e+00
7.175000000000000000e+03 3.906250000000000000e-01
7.200000000000000000e+03 -3.125000000000000000e-01
7.225000000000000000e+03 0.000000000000000000e+00
7.250000000000000000e+03 0.000000000000000000e+00
7.275000000000000000e+03 0.000000000000000000e+00
7.300000000000000000e+03 0.000000000000000000e+00
7.325000000000000000e+03 0.000000000000000000e+00
7.350000000000000000e+03 5.208333333333333703e-01
7.375000000000000000e+03 3.906250000000000000e-01
7.400000000000000000e+03 0.000000000000000000e+00
7.425000000000000000e+03 0.000000000000000000e+00
7.450000000000000000e+03 1.562500000000000000e+00
7.475000000000000000e+03 0.000000000000000000e+00
7.500000000000000000e+03 0.000000000000000000e+00
7.525000000000000000e+03 5.208333333333333703e-01
7.550000000000000000e+03 0.000000000000000000e+00
7.575000000000000000e+03 0.000000000000000000e+00
7.600000000000000000e+03 0.000000000000000000e+00
7.625000000000000000e+03 -7.812500000000000000e-01
7.650000000000000000e+03 5.208333333333333703e-01
7.675000000000000000e+03 3.125000000000000000e-01
7.700000000000000000e+03 1.562500000000000000e+00
7.725000000000000000e+03 3.125000000000000000e-01
7.750000000000000000e+03 -1.562500000000000000e+00
7.775000000000000000e+03 0.000000000000000000e+00
7.800000000000000000e+03 0.000000000000000000e+00
7.825000000000000000e+03 0.000000000000000000e+00
7.850000000000000000e+03 0.000000000000000000e+00
7.875000000000000000e+03 -5.208333333333333703e-01
7.900000000000000000e+03 0.000000000000000000e+00
7.925000000000000000e+03 -3.125000000000000000e+00
7.950000000000000000e+03 -1.041666666666666741e+00
7.975000000000000000e+03 0.000000000000000000e+00
8.000000000000000000e+03 0.000000000000000000e+00
8.025000000000000000e+03 0.000000000000000000e+00
8.050000000000000000e+03 0.000000000000000000e+00
8.075000000000000000e+03 0.000000000000000000e+00
8.100000000000000000e+03 0.000000000000000000e+00
8.125000000000000000e+03 0.000000000000000000e+00
8.150000000000000000e+03 7.812500000000000000e-01
8.175000000000000000e+03 0.000000000000000000e+00
8.200000000000000000e+03 0.000000000000000000e+00
8.225000000000000000e+03 0.000000000000000000e+00
8.250000000000000000e+03 -7.812500000000000000e-01
8.275000000000000000e+03 0.000000000000000000e+00
8.300000000000000000e+03 0.000000000000000000e+00
8.325000000000000000e+03 0.000000000000000000e+00
8.350000000000000000e+03 7.812500000000000000e-01
8.375000000000000000e+03 0.000000000000000000e+00
8.400000000000000000e+03 0.000000000000000000e+00
8.425000000000000000e+03 0.000000000000000000e+00
8.475000000000000000e+03 0.000000000000000000e+00
8.500000000000000000e+03 0.000000000000000000e+00
8.525000000000000000e+03 0.000000000000000000e+00
8.550000000000000000e+03 0.000000000000000000e+00
8.600000000000000000e+03 0.000000000000000000e+00
8.625000000000000000e+03 -3.125000000000000000e+00
8.675000000000000000e+03 0.000000000000000000e+00
8.700000000000000000e+03 1.562500000000000000e+00
8.750000000000000000e+03 0.000000000000000000e+00
8.775000000000000000e+03 0.000000000000000000e+00
8.800000000000000000e+03 0.000000000000000000e+00
8.825000000000000000e+03 0.000000000000000000e+00
8.850000000000000000e+03 0.000000000000000000e+00
8.875000000000000000e+03 0.000000000000000000e+00
8.900000000000000000e+03 -1.562500000000000000e+00
8.950000000000000000e+03 0.000000000000000000e+00
8.975000000000000000e+03 0.000000000000000000e+00
9.050000000000000000e+03 0.000000000000000000e+00
9.100000000000000000e+03 7.812500000000000000e-01
9.125000000000000000e+03 0.000000000000000000e+00
9.150000000000000000e+03 -7.812500000000000000e-01
9.175000000000000000e+03 0.000000000000000000e+00
9.200000000000000000e+03 7.812500000000000000e-01
9.225000000000000000e+03 0.000000000000000000e+00
9.250000000000000000e+03 0.000000000000000000e+00
9.275000000000000000e+03 -5.208333333333333703e-01
9.300000000000000000e+03 -3.125000000000000000e-01
9.350000000000000000e+03 0.000000000000000000e+00
9.375000000000000000e+03 0.000000000000000000e+00
9.400000000000000000e+03 0.000000000000000000e+00
9.425000000000000000e+03 0.000000000000000000e+00
9.450000000000000000e+03 0.000000000000000000e+00
9.475000000000000000e+03 1.562500000000000000e+00
9.500000000000000000e+03 7.812500000000000000e-01
9.525000000000000000e+03 0.000000000000000000e+00
9.575000000000000000e+03 0.000000000000000000e+00
9.600000000000000000e+03 7.812500000000000000e-01
9.650000000000000000e+03 0.000000000000000000e+00
9.675000000000000000e+03 0.000000000000000000e+00
9.700000000000000000e+03 0.000000000000000000e+00
9.725000000000000000e+03 0.000000000000000000e+00
9.750000000000000000e+03 0.000000000000000000e+00
9.775000000000000000e+03 0.000000000000000000e+00
9.825000000000000000e+03 0.000000000000000000e+00
9.900000000000000000e+03 0.000000000000000000e+00
1.005000000000000000e+04 0.000000000000000000e+00
1.007500000000000000e+04 0.000000000000000000e+00
1.010000000000000000e+04 0.000000000000000000e+00
1.017500000000000000e+04 0.000000000000000000e+00
1.022500000000000000e+04 0.000000000000000000e+00
1.027500000000000000e+04 0.000000000000000000e+00
1.030000000000000000e+04 0.000000000000000000e+00
1.035000000000000000e+04 0.000000000000000000e+00
1.037500000000000000e+04 0.000000000000000000e+00
1.045000000000000000e+04 7.812500000000000000e-01
1.050000000000000000e+04 0.000000000000000000e+00
1.062500000000000000e+04 0.000000000000000000e+00
1.070000000000000000e+04 0.000000000000000000e+00
1.072500000000000000e+04 0.000000000000000000e+00
1.075000000000000000e+04 0.000000000000000000e+00
1.092500000000000000e+04 0.000000000000000000e+00
1.100000000000000000e+04 0.000000000000000000e+00
1.112500000000000000e+04 0.000000000000000000e+00
1.127500000000000000e+04 0.000000000000000000e+00
1.130000000000000000e+04 0.000000000000000000e+00
1.135000000000000000e+04 0.000000000000000000e+00
1.137500000000000000e+04 0.000000000000000000e+00
1.140000000000000000e+04 0.000000000000000000e+00
1.160000000000000000e+04 0.000000000000000000e+00
1.162500000000000000e+04 0.000000000000000000e+00
1.180000000000000000e+04 0.000000000000000000e+00
1.230000000000000000e+04 0.000000000000000000e+00
1.237500000000000000e+04 0.000000000000000000e+00
1.260000000000000000e+04 0.000000000000000000e+00
1.272500000000000000e+04 0.000000000000000000e+00
1.282500000000000000e+04 0.000000000000000000e+00
1.295000000000000000e+04 0.000000000000000000e+00
1.347500000000000000e+04 0.000000000000000000e+00
